WA1: 0.5
RA1: 1.10
CA1: 0.05
WB1: 0.5
RB1: 1.10
CB1: 0.05

WA2: 0.5
RA2: 1.12
CA2: 0.06
WB2: 0.5
RB2: 1.08
CB2: 0.04

WA3: 0.5
RA3: 1.08
CA3: 0.04
WB3: 0.5
RB3: 1.02
CB3: 0.01

RAC: 1.33056
CAC: 0.16075
RBC: 1.21176
CBC: 0.10975

TR1: 1.10
TR2: 1.10
TR3: 1.05
TRC: 0.2705
